(0,1,[12441,0]),
(1,0,[12441,0]),
(1,2,[9868,0]),
(1,3,[4671,0]),
(1,4,[6788,0]),
(1,8,[13572,0]),
(2,1,[9868,0]),
(2,4,[7868,0]),
(2,11,[6392,0]),
(3,1,[4671,0]),
(3,5,[12560,0]),
(3,6,[9918,0]),
(4,1,[6788,0]),
(4,2,[7868,0]),
(4,8,[10529,0]),
(4,9,[7060,0]),
(4,10,[11058,0]),
(5,3,[12560,0]),
(5,7,[8101,10]),
(6,3,[9918,0]),
(6,7,[8189,10]),
(7,5,[8101,10]),
(7,6,[8189,10]),
(7,8,[8850,10]),
(7,14,[1150,10]),
(7,15,[13204,10]),
(8,1,[13572,0]),
(8,4,[10529,0]),
(8,7,[8850,10]),
(8,13,[14890,10]),
(9,4,[7060,0]),
(9,12,[9856,0]),
(9,13,[3331,10]),
(10,4,[11058,0]),
(10,11,[2443,10]),
(10,12,[8393,0]),
(11,2,[6392,10]),
(11,10,[2443,10]),
(11,12,[6737,10]),
(11,16,[1236,15]),
(12,9,[9856,0]),
(12,10,[8393,0]),
(12,11,[6737,10]),
(12,13,[12901,10]),
(12,17,[2858,0]),
(13,8,[14890,10]),
(13,9,[3331,10]),
(13,12,[12901,10]),
(13,14,[12210,10]),
(13,18,[17211,15]),
(13,19,[13473,10]),
(14,7,[1150,10]),
(14,13,[12210,10]),
(14,15,[14296,0]),
(14,20,[12803,0]),
(15,7,[13204,10]),
(15,14,[14296,0]),
(15,21,[15769,10]),
(16,11,[1236,10]),
(16,17,[7637,0]),
(17,12,[2858,0]),
(17,16,[7637,0]),
(17,18,[3515,10]),
(18,13,[17211,15]),
(18,17,[3515,10]),
(18,19,[3772,10]),
(19,13,[13473,10]),
(19,18,[3772,10]),
(19,20,[13576,0]),
(20,14,[12803,0]),
(20,19,[13576,0]),
(20,21,[10768,10]),
(21,15,[15769,10]),
(21,20,[10768,10])
